950526 6952503591 5171184531
6611 64931 88713212317 8601 88931 85944 13302 01 743762529
85944 242708 788135 5869445695222 13302 01 6262869050501 19326952094 13302 11223 7466224914812929523

85944 7907151 014 02490327674503 01283 34139534 8178687302628821 176 75339 8601 45522655925 4832981829459299233 10831
33312674 88168061417687809 4832981829459299233 86712237784

5158161 402693526 7907151 014 77411097463

5158161 2264641778102 7907151 014 391259 9492617171

258 17368614 86712237784 978 01283 6952503591 7907151 014 54158967065

587969597594742401 397277246 978 24610183 7907151 014 76345772 883 3138067561 13302 2375731 19326952094

42851594 85944 13302 5158161 59819380183018364

7382604271
01283 14218987757627 176 627946457
