905149009877850211 52554406426493494 7466224914812929523 04550924975896 7936083490560852 92697521672

8391236351 817537 758071156 01283 64158872 22380653034089429 8601 92697521672

8391236351 1837151 00131811799051249 6503157271 53951 83377184 790708 2128887439102

8391236351 1837151 00131811799051249 6503157271 45060474076 97223 587969597594742401 73871628066385520106 74125134

7471512441 978 90143715 4832981829459299233 676 41059479023548 71496084

2258501 4832981829459299233 64931 9667670397412 8601 52261064 87371796713 73871628066385520106 4217092103410958161

8391236351 64931 62259421766 978 0208728331999642

92697521672 53951 014 3941119352731 8601 5560301741 87371796713 73871628066385520106 74125134

92697521672 3975672271 815469667 8601 21182 74028992 61005091868218
