92697521672 9436601 84040871 4520401 8391236351 8601 22380653034089429

92697521672 37997325964183 883 57605974695 92697521672

80391080411494 4867670397412 55086650772035 978 8391236351 978 52554406426493494 7466224914812929523

258 32690643488909186 710792426 55086650772035 73163874 014 1668389488501

92697521672 660205 3975672271 014 71496084 10831 22091522 1837151 3567992265922 27080811799051249

78025700423235220106 04545871 86712237784 10831 40993664503587364 9436601 014 39200924695 8601 05130171094

8178687302628821 33162455695 8601 4919756937422 9374703618411 5635957952095681

92697521672 1959893368961 9436601 014 56922686032 1837151 28125725

52554406426493494 7466224914812929523 86712237784 14743759858753 13302 4049347535162872 4832981829459299233
